-3.79595,-1.71681,1.69511,0.488893,1.9396,-1.34652
-2.16336,0.333281,1.73005,1.09122,0.662457,-2.56231
-2.19178,-0.211671,1.37812,-0.322844,0.0156141,-0.220851
-0.332173,-1.4617,-0.0388803,-1.51527,-1.28086,0.533996
1.17869,-0.353752,-0.0722582,-2.83295,-1.67555,-0.0287556
-0.66879,-1.71556,-0.411276,-2.11271,-1.12563,2.17664
-1.83652,0.603213,2.02127,0.316,-0.0143218,-1.75303
1.34088,0.480883,-0.681585,-2.02924,-1.28528,-0.874875
1.91049,-0.0305681,-1.47541,-3.12145,-2.82872,1.37549
-1.53663,-0.819905,0.626276,0.979033,0.505781,-2.42761
-1.24469,-0.938008,0.803854,-2.3893,-0.961159,2.44867
-1.18698,-0.0955532,0.548919,-1.75949,0.0137436,1.35979
-0.460441,-0.628139,-0.88663,-3.19504,-2.17441,1.6962
-1.57113,0.554275,2.34534,0.0506154,-0.378145,-2.09
-0.443075,-1.04212,-0.644422,-2.76404,-1.15293,0.811819
0.302788,0.839388,0.924285,-0.911304,-0.478444,-0.64078
-2.00341,-1.65294,1.47877,2.12416,1.29249,-0.711692
-1.18224,0.654047,1.35051,-1.23334,-0.00155127,-0.78237
-1.45941,-2.30213,-0.361251,-0.822949,0.919789,-0.164328
0.351747,-0.247299,-1.1836,-2.44957,-1.54748,0.0169965
1.32983,-0.585899,-1.69792,-2.94504,-1.38477,0.597685
-1.39573,-0.851818,0.253259,-0.370173,0.192582,-0.173521
-0.155298,-0.0219051,1.33088,-0.516571,-0.68967,-2.01889
-0.234928,0.645524,0.883316,-1.23231,-1.38992,-0.178672
-1.24009,-0.667598,0.779891,0.568224,0.775799,-2.6076
-1.67582,-0.187221,1.55464,-1.16762,-0.816871,0.648304
-0.767543,-0.282181,1.41607,-0.304602,0.591886,-1.5962
-0.113397,-0.363618,-0.911706,-1.75243,-1.63749,0.092784
-1.33814,0.5708,1.73089,-1.46727,-0.480567,0.0405003
-1.0334,-0.725069,0.696152,-1.49648,-0.267484,-0.831497
0.456369,-0.653992,-2.57408,-1.99026,-0.800712,0.775012
-1.02725,-0.311271,-0.0190144,-2.14351,-0.739249,0.794363
0.405259,0.310399,-0.908344,-3.31227,-1.53225,2.13219
-1.65722,-1.23924,1.02273,-1.24356,-0.97419,0.686419
-2.25126,-1.47325,0.0955256,1.5794,1.78697,-1.98365
0.302823,0.228667,-0.175227,-3.20983,-2.50759,2.03047
-0.215841,1.23276,-0.0420087,-1.30467,-0.998661,-1.56216
1.25221,0.679686,-1.12569,-3.59963,-1.88995,-0.621928
1.91546,-0.977192,-2.53919,-3.44935,-1.81874,1.34315
1.50028,-0.467617,-2.12401,-3.95893,-1.73784,1.42405
-2.82053,-0.448938,0.996486,0.853318,0.958304,-3.68784
0.813799,-1.55734,-0.531287,-3.55728,-1.54145,2.20792
-0.580265,0.373992,1.8181,-0.88697,-0.603523,-1.55607
-0.832684,0.174853,-0.0643994,-0.687832,0.0592442,-0.749197
1.79219,-0.260827,-1.83737,-2.47867,-2.03653,1.60104
0.839436,0.60084,0.387637,-2.89949,-3.0571,0.909826
0.358749,-0.730633,-0.940553,-1.84543,-1.20914,0.0803484
1.16901,-0.726819,-1.79274,-3.62765,-2.48752,1.09278
-2.46568,-1.85299,0.177862,3.18668,2.75792,-2.69414
0.0502553,1.90027,0.587877,-1.98112,-0.703958,-0.84294
-1.49437,0.0607551,0.724764,-1.02026,-0.252097,-0.449219
-0.520983,-1.07902,-1.15732,-1.42303,1.05605,-1.4362
-1.59399,0.656134,1.19434,0.495274,0.368099,-2.49797
1.4337,-0.0185263,-1.41649,-2.50395,-1.82745,0.77878
-2.41323,-1.28594,0.589185,0.914133,0.970088,-2.85084
-0.733799,-0.491829,2.47548,0.629131,-0.276637,-1.09797
0.484688,-0.449636,-0.742537,-2.15588,-1.01957,1.09462
1.53362,-0.522861,-0.205944,-1.87838,-2.29975,0.240229
-0.0813606,0.02188,-0.815722,-1.43915,-0.150636,-0.005749
-0.322272,-0.701171,-0.333528,-0.737736,-0.0118208,0.954944
-1.06139,-0.887325,-1.06672,-2.14572,-0.257114,0.259876
-0.598095,-1.54276,-0.977733,-1.70489,0.170335,-0.66933
-0.385181,-1.79406,-0.843158,0.274471,0.786971,-1.2525
-1.21162,0.647534,0.8177,-0.0605026,-0.0242024,-2.48344
-0.986412,-0.0979104,2.21348,-0.0704748,-0.657794,-1.0519
-1.40009,-0.435902,1.11195,1.61585,0.555121,-3.72745
1.41402,-0.529215,-1.1315,-2.93264,-2.20673,1.78615
-0.126989,-0.526155,0.270516,-1.0296,-0.337306,-0.308321
-1.20398,1.23165,1.79012,-1.80441,-1.50415,-0.566273
1.19216,-0.349694,-1.81589,-2.32577,-1.18564,0.715654
-1.92312,-0.372778,2.27422,1.72853,0.412144,-2.30598
-0.308829,-0.392136,0.701577,-2.50281,-1.45534,1.45181
-0.00258907,0.504919,1.10435,-2.10004,-2.20265,0.611454
0.752064,0.885457,0.292116,-1.82421,-0.977128,-2.47996
1.66988,-0.258095,-2.31476,-2.80349,-1.02347,1.65714
-0.224322,-0.853087,-0.496858,-0.544946,-0.31053,-0.788624
-1.51451,0.588333,2.55572,0.45762,-0.875832,-1.92639
-0.277819,-0.0545281,-0.750669,-1.87186,-1.17957,-0.970544
-1.4583,0.646066,0.883189,0.386159,0.00642918,-2.74033
-2.12137,-0.460624,1.86352,0.00803375,0.265016,-1.01536
-0.729243,-1.22143,-0.876853,-2.57782,-0.686046,1.2399
0.0454786,1.05738,0.540658,-2.56916,-1.67267,0.198474
0.657872,-0.711639,-1.74537,-2.33246,-1.03466,2.44615
-0.605801,0.585863,0.669919,-0.476418,-0.856147,-2.81148
0.419334,0.0304677,0.624845,-1.19594,-1.14232,-1.98399
1.73218,-0.181409,-1.6469,-1.773,-2.00316,1.08335
-1.31467,-0.829303,0.151178,-0.466493,0.548534,-1.40812
-1.30163,0.279454,2.22674,0.284965,-0.549205,-2.2502
0.155428,0.526604,-1.06562,-1.83001,-0.483183,0.436601
-0.293843,-1.30237,-1.22883,-2.48766,-0.420009,1.46032
1.27996,1.12306,-0.615992,-2.95143,-2.04986,-0.531307
-2.26369,-0.856735,0.56774,2.09567,2.28986,-2.66021
0.87311,-1.03856,-2.29239,-1.15482,0.192006,0.335538
0.879194,-1.02798,0.248406,-1.58863,-0.720463,-0.449997
1.56964,-0.28961,-2.19337,-2.31947,-1.02167,2.06484
-2.56958,-1.44534,1.07732,1.52712,2.02135,-1.00663
-1.5273,-3.02176,-0.0852321,1.04242,0.282517,-0.4792
-1.0899,-0.552581,-0.664285,1.1108,-0.469346,-0.973126
0.106653,1.33195,0.937527,-0.80509,-1.5686,-2.73878
-0.764261,0.213304,0.888471,-0.7926,0.00948726,-0.793408
-0.0881276,0.651772,1.30494,-2.92027,-2.12954,0.013605
-3.27088,-1.54387,0.979751,3.10285,2.17025,-3.00326
-2.50733,-1.3056,1.61025,0.944238,1.10999,-1.40244
1.08034,-0.47027,-1.66297,-2.86272,-1.87305,1.37303
1.06137,-0.410088,-1.68509,-3.0018,-1.77448,1.01456
-1.20968,-0.675822,0.181048,1.00144,0.745383,-0.942067
1.56295,-0.839231,-1.608,-3.44503,-0.965955,1.44149
-1.2838,0.780438,2.33356,-0.365907,-1.15986,-0.607492
0.982995,-0.505777,-1.60672,-2.11661,-0.8157,2.3075
-0.539965,0.688856,2.68317,0.345376,-0.971014,-1.9609
-0.10075,-1.05656,-0.402483,-2.25797,-1.31454,1.71427
0.905147,0.748239,0.139032,-2.1964,-1.88531,-0.352673
-1.69407,-0.548029,2.04517,1.52605,0.152381,-3.35987
-0.905734,0.457783,0.969853,-0.6612,0.0801219,-2.6267
2.42424,0.422159,-2.46929,-3.1481,-1.42059,1.80407
0.876686,-0.19025,-0.812568,-2.21052,-1.31153,0.343728
-1.43935,1.03185,0.542265,-0.372212,-0.379358,-0.753928
-3.19957,-1.56445,1.37207,3.0949,1.69866,-2.53168
-1.74566,-1.57466,0.757247,0.584543,0.778739,-1.5841
1.39382,1.23692,-0.729852,-2.80153,-3.03169,0.0593236
-1.10035,-0.264559,0.576094,-2.61706,-1.21576,1.77523
-3.40182,-0.961932,0.606843,2.3196,2.52717,-2.28884
1.34594,0.333429,-1.52706,-2.47955,-1.78048,0.869434
-1.36733,-0.794981,1.03727,-0.199604,0.550283,-2.65859
0.355183,-1.17696,-1.43525,-2.65197,-1.65951,1.18705
-1.35049,-1.27351,0.762223,1.31667,1.45866,-0.899763
0.031142,0.708078,-0.459777,-2.08639,-0.850067,-0.294055
-1.20441,-0.522293,2.25418,-0.00315238,-0.209799,-0.428997
0.265288,0.0844081,0.398683,-1.08018,-1.47111,-1.21914
1.54587,0.766937,-2.16959,-2.2957,-0.948866,1.00829
-1.1949,-2.12305,0.206302,-1.15994,-0.262489,-0.74103
-0.776619,-2.00002,-1.30306,-0.37706,0.559614,-0.795478
0.670782,0.719654,-0.606664,-1.34265,-0.544602,-1.95312
-1.59685,-0.554714,0.844944,0.836013,0.749541,-2.80913
-1.33026,-0.239279,0.755149,-0.636946,-0.0414905,-2.65095
-0.420614,-0.213538,0.938674,-2.24035,-1.63394,0.680391
-2.78442,-2.41923,1.00046,1.58073,1.62331,-1.53508
-2.62369,-0.942093,0.931052,1.10317,1.16488,-2.1105
-2.08599,-1.19991,-0.205138,2.3601,2.11286,-3.34722
-0.931434,-0.579064,0.891978,-1.80749,-1.89243,0.834092
-3.04143,-2.15352,0.877258,2.82514,1.89253,-1.80079
-1.934,-1.26591,0.303281,1.76366,1.00556,-0.593908
0.054091,0.844378,0.946031,-0.752529,-1.51604,-2.73028
-0.27044,0.0555126,0.334559,-1.06339,-1.13556,-0.968884
-0.38769,-0.211792,0.40023,-2.35579,-1.15891,1.47027
1.20046,-0.12912,-0.093881,-2.28909,-1.6546,-0.648183
-2.95898,-1.26059,1.72666,3.25459,1.85835,-2.25636
-1.47766,-0.153629,2.57942,-0.65676,-1.3957,-1.27404
-0.843277,-0.110837,1.94573,1.52267,-0.257353,-2.21079
-0.0356883,0.650296,1.07987,-0.2524,-0.428606,-3.29678
-0.932247,0.144799,1.69569,-1.63401,-1.52865,0.159549
-0.718657,0.455628,0.967282,-0.572599,-0.748805,-2.97658
-2.33881,-0.112955,1.24187,1.13747,0.294114,-2.60695
0.181813,0.0465607,-1.092,-2.67848,-0.895665,0.903918
-1.42152,0.589185,1.16367,-1.58688,-0.194318,0.141976
-1.82464,-0.980905,0.914288,1.56929,1.10179,-1.64913
-1.4522,0.137305,1.1338,0.780329,-0.029105,-2.36634
0.192976,-0.334019,0.089536,-2.63013,-1.36277,0.0503703
0.566735,-1.49874,-1.13897,-2.08536,-1.78915,2.75568
-1.36481,0.563329,1.16937,-1.53908,-1.23306,0.102048
2.56451,0.10007,-2.30206,-2.52548,-1.96751,1.70165
-1.3296,-1.26095,-0.255889,0.381095,0.523091,-2.39691
-0.377008,-0.0905689,1.92504,0.182418,-1.08494,-2.22765
-1.01679,-0.137546,0.956167,-1.79485,-1.18844,1.19722
-0.075038,-0.277504,-0.120411,-2.46108,-1.67035,0.532532
1.92774,-0.882171,-2.10886,-2.99351,-1.753,2.28122
1.24211,-0.173855,-1.86584,-4.1073,-1.63133,0.765603
0.119832,0.872832,0.477068,-2.28581,-0.945453,0.829677
-0.113076,-0.545267,0.12223,-1.53663,-1.30221,0.555354
0.956028,-0.5246,-1.59052,-2.0218,-1.32272,1.33317
-0.377373,-0.712553,1.48031,-0.411994,-0.77026,1.74826
-1.78245,0.41816,2.75402,-1.52461,-0.280531,-1.84582
0.527162,-0.807319,-0.555712,-2.9858,-1.30422,2.35893
1.14728,0.593704,-0.884689,-1.1881,-0.979988,1.18153
0.16023,1.28464,-1.18872,-1.52965,-0.937757,-0.122145
0.62957,-0.271797,-1.40943,-1.26818,-0.311596,1.11602
-0.744768,-1.75329,0.757308,-2.03673,-0.989263,1.64729
-1.47003,0.0759527,1.07038,-0.679646,0.0616759,-2.14448
-0.0543961,-1.14282,-0.970849,-2.34717,-1.2028,1.2963
0.516765,1.06296,-0.452646,-1.82462,-1.46708,-1.04896
-1.40447,0.171195,0.673031,-0.670845,-0.46327,-2.62493
0.2003,0.789496,-0.453472,-1.42962,-0.528055,-0.197748
0.657132,-0.920702,-1.67198,-2.47586,-1.05088,0.538195
-0.543427,-1.50701,0.864262,-1.57446,-0.391702,-0.00698653
-1.37131,-0.234583,1.23491,-0.278396,0.00505144,-1.58596
-0.101366,0.588809,1.64939,-0.0932235,-1.40961,-2.45603
-1.41573,-0.133395,1.11112,-1.7488,-0.832212,0.302086
-1.54865,-2.01713,0.35986,0.980352,1.17455,-1.48383
-2.28079,-2.08296,0.960455,1.98358,1.22368,-1.42036
1.43028,-0.582116,-1.85891,-2.21956,-1.70125,0.490653
-1.19729,1.03923,1.86126,-1.25823,-1.19969,-2.66942
-3.3357,-0.382653,1.48718,2.35705,1.04377,-2.42551
-0.930877,-0.0236444,0.100076,1.14664,0.259952,-3.09354
0.968698,1.0504,-0.773175,-1.55406,-1.29375,0.841012
-2.10975,-0.953069,0.735773,2.32551,1.49959,-2.32427
0.286263,-0.913036,-0.203944,-2.32073,-1.99363,1.3361
0.147986,0.270828,1.01983,-0.722784,-0.964568,-0.788388
