t	ham		Time
0	0.159940	0
1	0.156951	0
2	0.156951	0
3	0.095964	0
4	0.119880	0
5	0.073094	0
6	0.066966	0
7	0.047384	0
8	0.038117	0
9	0.039163	0
10	0.052616	0
11	0.040359	0
12	0.039611	0
13	0.048580	0
14	0.039910	0
15	0.043199	0
16	0.026756	0
17	0.042451	0
18	0.024365	0
19	0.030942	0
20	0.025859	0
21	0.020628	0
22	0.020179	0
23	0.024664	0
24	0.019283	0
25	0.024365	0
26	0.020329	0
27	0.025112	0
28	0.018386	0
29	0.018685	0
30	0.017339	0
31	0.022720	0
32	0.016293	0
33	0.021076	0
34	0.013154	0
35	0.019283	0
36	0.018685	0
37	0.018834	0
38	0.014798	0
39	0.015845	0
40	0.015247	0
41	0.014798	0
42	0.014499	0
43	0.015994	0
44	0.014499	0
45	0.014948	0
46	0.013602	0
47	0.014798	0
48	0.013752	0
49	0.015247	0
50	0.013602	0
51	0.014200	0
52	0.013752	0
53	0.011958	0
54	0.013004	0
55	0.011958	0
56	0.011809	0
57	0.011809	0
58	0.011809	0
59	0.011809	0
60	0.009118	0
61	0.011061	0
62	0.008819	0
63	0.009417	0
64	0.009417	0
65	0.010762	0
66	0.009716	0
67	0.010015	0
68	0.010463	0
69	0.010314	0
70	0.008520	0
71	0.010164	0
72	0.010613	0
73	0.009268	0
74	0.010762	0
75	0.009567	0
76	0.009417	0
77	0.009268	0
78	0.008371	0
79	0.007922	0
80	0.007474	0
81	0.006726	0
82	0.007175	0
83	0.007474	0
84	0.008520	0
85	0.006278	0
86	0.007623	0
87	0.007623	0
88	0.005830	0
89	0.006278	0
90	0.006577	0
91	0.006876	0
92	0.005680	0
93	0.005830	0
94	0.006577	0
95	0.006129	0
96	0.006577	0
97	0.005381	0
98	0.005680	0
99	0.005082	0
100	0.005531	0
